%Q_s_and_w_s

w_s_ram =  [0	0	0	7.29899490246488e-06	8.62204087852981e-06	-7.04121007905733e-06	3.58160354378964e-07	3.62827065660376e-06	-1.34969262148843e-05	1.56535927264478e-05	1.15574846049249e-05;
            0	0	0	3.19035317962291e-05	-2.39294252335931e-05	1.31414120716755e-05	1.83137623372076e-06	-1.63597111830782e-06	3.95026070748373e-06	-1.62933994632297e-05	1.05246581957985e-05;
            0	0	0	-0.00153120495984847	0.00194220630139538	    -0.00109727147045542	0.000655006026548852	-0.00142513196956711	0.00103892296356038	    0.00110650112992262	    -0.00177048262591509;
            0	0	0	0.00206496476354792	    -0.00303347270863533	-4.19040025186846e-05	0.000401364975889838	-0.000607412950665074	0.00226613693456285	    -0.00155291662730699	0.000732386867714876;
            0	0	0	0.227107718041962	    -0.177707144466572	    0.246334848501856	    -0.0947124763715042	    0.113242281499497	    -0.213787455875830	    0.192902107028398	    -0.0334492497521622;
            0	0	0	-0.104689916276693	    0.146776064655289	    -0.222312337756418  	-0.000872951729585255	0.0293569107748902	    0.216691623216422	    -0.198286936906783	    -0.0784555628995690;
            0	0	0	-102.604640368460	    -12.2296214752911	    196.097888019381	    -107.632965019630	    -10.5872785502713	    100.576747841852	    -221.601262070661	    172.487938541160;
            0	0	0	413.657287925754	    -258.543878499919	    138.893069154885        3.96246515777703	    -207.291356578155	    284.303667901162	    -2.28179193069103	    -291.873312511886;
            0	0	0	1044632.24958222	    -3366004.94866325	    3612930.10060495	    -1186910.81254931   	1677790.31791247	    -3135818.55301311	    1447226.52206188	    185798.578027084;
            0	0	0	16832.0936871107    	142663.072440224	    -320567.677947096	    -176924.828549732	    352715.973967416	    -80685.2108206777	    -21135.5955600843	    166826.846698278];

Q_s_ram =  {[3.28520983923688e-09,-8.35543846811078e-11;-8.35543846811078e-11,3.42836360194917e-09],
            [2.74530898618120e-05,-6.42200448039003e-07;-6.42200448039003e-07,3.16479702764771e-05],
            [0.305846821538730,-0.0206847267045172;-0.0206847267045172,0.286694785588712],
            [219612.010607426,-1123.77586782350;-1123.77586782350,255578.314907373],
            [31267029466772.9,-2043983367444.18;-2043983367444.18,460928297543.337]};